uf	21									
Nome	<1930	<1940	<1950	<1960	<1970	<1980	<1990	<2000	<2010	Total Geral
MARIA	10931	26957	57024	102579	114802	96243	73770	43043	49340	574689
JOSE	3904	10887	22809	37518	47145	44634	38936	24870	16888	247591
ANTONIO	2243	5784	11962	19245	26703	31305	33386	23947	15798	170373
FRANCISCO	1665	4352	9987	15845	21110	24479	28219	22318	14317	142292
RAIMUNDO	2824	6455	12677	18283	21461	19829	17887	10002	3919	113337
JOAO	1856	4671	8097	11883	13279	11687	11998	13613	29720	106804
ANA	518	908	1570	3236	7365	13202	17388	22034	39971	106192
FRANCISCA	1343	2894	6317	8751	10470	11789	13015	9793	5124	69496
ANTONIA	1193	2533	4713	6786	8423	9951	10657	7500	4760	56516
CARLOS	71	276	698	1947	4713	8135	9965	9743	19897	55445
RAIMUNDA	2411	4695	7650	9434	9520	8005	6411	3119	994	52239
LUIS	528	1432	2680	4563	6202	6691	6902	7624	12995	49617
PEDRO	834	1898	3245	4197	4331	3736	4090	5293	15897	43521
PAULO	153	393	705	1416	2773	4783	7402	8988	10359	36972
MARCOS	57	113	186	315	983	3160	6524	10988	14172	36498
MANOEL	1155	2803	4469	5583	6077	5662	5023	3096	1599	35467
LUCAS		65	87	110	145	227	844	11585	15632	28695
DANIEL	34	97	207	312	659	1246	3401	6988	8057	21001
GABRIEL	27	64	92	125	157	200	646	4145	13977	19433
DOMINGOS	456	1107	2115	3123	3479	3263	3012	2021	819	19395
MATEUS		38	30	64	89	133	342	6617	11725	19038
RAFAEL		40	63	100	140	296	4031	8255	5314	18239
JOANA	891	1633	2267	2787	2379	1877	1723	1166	1107	15830
FERNANDO	30	109	198	411	763	1390	3896	5505	3093	15395
EDUARDO	42	108	190	297	391	739	1771	4498	6801	14837
BRUNO		21		28	43	205	2147	5899	5846	14189
SEBASTIAO	339	883	1681	2158	2505	2274	2017	1415	672	13944
ADRIANA	19	25	27	38	132	1349	5698	4783	1687	13758
LEANDRO		27	39	49	68	279	3836	6459	2837	13594
FABIO			22	53	314	1737	5510	3527	2163	13326
FERNANDA				37	130	668	3232	5318	3677	13062
ROSA	472	865	1392	2292	2876	2655	1490	683	274	12999
MARCELO		25	42	98	273	1319	3517	4661	3023	12958
TIAGO	22	43	42	49	60	103	1923	4650	6055	12947
ANDRE	34	81	133	180	204	721	2751	4093	4010	12207
LEONARDO	26	60	111	144	211	403	1925	6096	3104	12080
RITA	220	651	1425	1576	2074	1848	1544	1404	1163	11905
FELIPE	40	79	118	149	140	184	741	4391	6012	11854
PATRICIA		38	33	44	123	904	3717	5031	1906	11796
VANESSA					38	205	1880	5270	4297	11690
MANUEL	418	862	1449	1824	2000	1848	1623	1027	572	11623
GUSTAVO		21	26	38	64	219	743	2659	7769	11539
JULIANA	52	94	112	101	119	274	1239	4404	5097	11492
LUANA				21	24	97	1506	5677	3920	11245
RODRIGO			21	36	61	372	1627	4982	4115	11214
LUIZ	140	422	840	1324	1517	1466	1282	1433	2693	11117
MARCIO			27	40	205	2198	4314	2619	1639	11042
RICARDO	30	77	104	183	338	827	2029	3745	3702	11035
AMANDA				17	35	134	860	4293	5619	10958
ALINE				15	42	213	1954	4855	3847	10926
CAMILA		40	50	34	61	123	1133	4176	5212	10829
DIEGO					21	75	2645	4292	3770	10803
MARCIA			27	103	678	2131	4051	2733	1064	10787
SANDRA			34	199	983	3917	3752	1281	604	10770
LETICIA			20	17	47	121	940	3666	5758	10569
ADRIANO	16	41	28	46	111	535	3464	3670	2459	10370
BENEDITO	382	1019	1690	2086	1897	1420	1066	593	211	10364
JESSICA					19	59	642	7234	2376	10330
ELIANE			35	212	839	2309	3885	2111	834	10225
NATALIA		20	23	56	46	121	1697	4625	3495	10083
LUCIANA	16	54	48	72	161	1156	3740	2922	1846	10015
VITORIA	80	185	175	236	274	214	244	1045	7344	9797
LUZIA	301	670	1196	1604	1544	1420	1309	1110	639	9793
CARLA				26	129	712	2036	2957	3915	9775
MARIANA	85	135	197	262	258	331	979	2640	4744	9631
SAMUEL		21	47	93	185	473	1400	2310	5094	9623
JORGE	47	142	263	703	1397	1432	1727	2055	1381	9147
LARISSA					16	63	491	3739	4813	9122
BRUNA						70	770	3851	4409	9100
EDSON	27	99	207	400	875	1709	2570	1775	1372	9034
DANIELE						175	1955	3605	3278	9013
VITOR	27	54	80	109	84	104	303	1289	6748	8798
SARA				22	83	294	751	2217	5400	8767
DOMINGAS	291	567	1083	1475	1510	1380	1240	654	299	8499
WANDERSON						69	1113	4208	3107	8497
JULIO	84	200	274	422	742	1126	1561	1554	2325	8288
GUILHERME	30	49	63	95	109	120	348	1447	5976	8237
ANDERSON					28	300	1865	3350	2660	8203
RAQUEL		15	33	66	197	811	2342	2749	1947	8160
ERICA					25	206	1069	2929	3604	7833
ANDRESSA						31	286	3314	4099	7730
REGINALDO		35	118	395	977	2774	2269	816	328	7712
BEATRIZ	52	133	140	175	173	146	369	2373	4144	7705
RONALDO			35	85	410	1477	2178	2725	773	7683
THIAGO		16	17	20	29	67	1504	2756	3252	7661
DAVI	26	48	94	180	225	329	622	1270	4631	7425
LUCIANO	18	73	108	144	197	615	1407	2544	2268	7374
ROBERTO	28	75	125	341	811	1625	2043	1402	868	7318
CRISTIANE					101	1290	3153	1934	836	7314
CLAUDIO	18	50	112	213	701	2412	1930	1036	750	7222
CICERO	153	459	743	885	1159	1509	1209	654	360	7131
ANDREIA				19	54	574	2760	2603	1119	7129
TEREZA	272	854	1152	1399	1327	886	625	376	215	7106
FLAVIO		20	37	115	261	993	2145	1842	1679	7092
FABIANA					42	425	2663	2526	1375	7031
CONCEICAO	92	209	529	1248	1821	1515	1052	421	132	7019
TEREZINHA	178	820	1115	1632	1498	885	540	230	67	6965
JULIA	227	381	455	462	399	379	550	895	3108	6856
MIGUEL	179	416	714	943	1023	910	853	710	1107	6855
DEBORA				30	85	384	1051	2205	3006	6761
