uf	31									
Nome	<1930	<1940	<1950	<1960	<1970	<1980	<1990	<2000	<2010	Total Geral
MARIA	45654	102516	200206	320979	295176	147248	57088	30774	108009	1307650
JOSE	17804	47400	92004	149707	148689	88389	46958	22338	12899	626188
ANA	5518	9659	15932	25523	31302	35170	52771	65736	117605	359216
JOAO	7286	17881	31161	48646	49172	27161	28117	39366	81513	330303
ANTONIO	6863	18466	37080	58629	52566	30398	15735	6898	4681	231316
CARLOS	411	1369	5135	17349	31325	26842	27624	19752	24249	154056
PAULO	770	2716	7245	18638	28011	27662	26821	25016	15487	152366
PEDRO	2053	4936	8095	11642	11859	6856	9583	26664	53589	135277
GERALDO	3541	10003	19733	30339	35408	16424	7075	2518	827	125868
LUCAS	49	173	279	521	715	1302	14180	58373	50140	125732
MARCOS	81	282	1461	5163	13925	23703	25878	28324	23410	122227
LUIZ	845	2553	5914	14689	19739	14551	14999	19723	26394	119407
GABRIEL	169	349	594	820	745	744	4698	28864	63546	100529
SEBASTIAO	3980	10585	19506	25793	22112	9825	3941	1411	489	97642
RAFAEL	78	490	768	848	1081	1938	25094	34800	22273	87370
LUIS	424	1293	3185	8513	12761	9801	10970	14984	20991	82922
DANIEL	119	406	952	2116	3458	8056	20994	21716	19932	77749
MARCELO	35	141	473	1754	8096	22586	21330	12034	6163	72612
BRUNO	29	57	92	156	440	2797	22755	30581	15691	72598
MATEUS	36	101	206	307	449	813	4754	29190	35213	71069
FRANCISCO	2503	6120	9857	15405	15660	8126	5400	2267	1750	67088
GUSTAVO	61	108	143	241	501	3082	9065	21318	32122	66641
FERNANDA		34	54	131	742	6899	25554	20000	9478	62892
GUILHERME	90	235	380	567	1078	2182	9356	22646	25642	62176
RODRIGO		57	77	226	1261	11835	25665	16099	6548	61768
LEONARDO	30	124	239	675	2017	9090	17424	20009	11879	61487
EDUARDO	123	358	1096	2976	5542	10526	13773	11428	14178	60000
JULIANA	51	97	140	252	967	10179	27911	13961	5415	58973
FERNANDO	189	567	1568	4086	6713	9857	18857	11859	4583	58279
ADRIANA		44	56	286	5316	27520	17825	5906	1156	58109
PATRICIA	15	28	70	439	3281	16732	22273	12229	2335	57402
ANDRE	79	197	321	806	3270	9986	18884	13930	9095	56568
FELIPE	38	97	125	157	225	763	11153	25044	17997	55599
TIAGO	29	69	81	109	155	976	23820	16946	12514	54699
MARCIO	45	252	1261	4217	11201	18553	12487	4344	2053	54413
ALINE	26	36	39	96	326	2988	21686	22211	6752	54160
VITOR	185	850	1133	1396	1578	1683	3842	13882	29466	54015
MARCIA	25	122	945	3912	15075	19089	10726	3307	812	54013
LEANDRO	37	81	121	220	642	5004	25836	15887	6089	53917
CAMILA	40	56	81	95	155	747	13143	23471	13803	51591
LUCIANA	31	72	156	335	2276	20781	20415	5448	1516	51030
APARECIDA	575	2020	4219	10524	18711	10312	3644	804	195	51004
FABIO	55	275	430	1249	2972	9148	21450	9776	4749	50104
AMANDA	18	22	34	43	79	816	7822	24551	16701	50086
JULIA	716	1271	1432	1566	1339	1070	2596	8521	30904	49415
BRUNA				17	34	354	8263	25225	14008	47901
JESSICA					39	146	2925	38147	6471	47728
LETICIA	74	138	179	217	565	1381	6016	18075	20890	47535
MARIANA	573	887	1086	1109	839	1114	9446	16047	14612	45713
RICARDO	57	158	494	2335	5540	12228	13200	7055	3383	44450
ALEXANDRE	89	224	315	778	3726	14133	12817	7380	4664	44126
TEREZINHA	1977	8792	9791	11952	7850	2805	753	167	26	44113
JULIO	312	649	1241	2873	5421	8682	11862	7533	5496	44069
SANDRA		28	610	4382	12000	15777	8421	2016	514	43748
GABRIELA	129	184	178	196	167	740	5677	16857	18944	43072
DIEGO					48	304	14698	19585	8336	42971
CLAUDIA	18	47	132	975	9359	19906	8856	2877	754	42924
EDSON	168	792	2020	4928	9309	11132	8610	4003	1755	42717
GERALDA	3392	6211	9035	9887	8956	3677	1122	252	54	42586
ROBERTO	132	700	2295	5943	11527	11201	6758	2606	1149	42311
SONIA	51	400	2602	9460	15062	10414	3218	584	146	41937
JOAQUIM	2815	6022	8566	9849	7893	3405	1613	794	871	41828
RENATA			21	113	760	10727	18362	8802	2677	41462
SAMUEL	52	131	260	483	946	1685	5987	11342	19833	40719
NATALIA	75	185	261	336	462	1003	10968	18376	8620	40286
LARISSA				15	37	277	2883	18719	17734	39665
SERGIO	66	308	1007	3970	10239	11395	7280	3290	1482	39037
ANDERSON			41	185	1646	10788	14141	8545	3362	38708
RONALDO		161	784	3380	9359	12501	7543	3501	1035	38264
VANESSA			28	157	836	3533	15245	12753	5691	38243
MARLENE		1095	4101	9130	12091	8207	2849	631	110	38214
RENATO	75	291	730	1986	3912	9263	13541	6050	2160	38008
IGOR				17	78	380	4095	19491	13576	37637
CLAUDIO	65	254	802	2493	7838	15428	6580	2707	1409	37576
VERA	161	474	3728	10302	12470	7607	2322	406	96	37566
DANIELA				26	240	6598	14074	12036	4309	37283
SIMONE		19	58	368	5026	15680	12476	3018	523	37168
RITA	1497	2514	3482	6622	10780	6500	3479	1437	723	37034
LUCIANO	46	163	445	1047	2729	14288	11031	4877	2096	36722
DEBORA		32	42	229	1104	3246	10570	14390	6765	36378
THIAGO		20	16	34	57	647	15604	10606	8904	35888
MATHEUS	16	31	42	59	76	247	2241	15499	17608	35819
LUZIA	1391	4032	6878	8666	7305	4520	2018	672	228	35710
VITORIA	97	419	574	453	351	177	231	4646	28685	35633
JORGE	403	1305	2978	8859	8394	4725	4041	3029	1639	35373
ELIANE		22	288	2137	6619	12439	10127	2832	678	35142
LUANA					58	321	6751	16176	11059	34365
MARCO		76	735	2365	6369	7834	6095	5901	4795	34170
ROSANGELA			177	4757	11463	11196	5191	1186	178	34148
VINICIUS		34	57	178	408	1267	6318	12843	12687	33792
LUCIA	263	839	2491	8395	11771	6762	2389	509	223	33642
ANGELA	120	271	1068	7626	9612	7910	4211	1911	801	33530
CARLA			23	152	2107	7390	11367	8168	4256	33463
ROGERIO	25	89	358	1957	6565	11049	8974	3231	971	33219
ISABELA	24	34	38	58	185	563	3074	12645	16417	33038
RAQUEL	62	140	329	901	2556	6616	10710	7508	3790	32612
FLAVIA	18	34	63	183	1200	8063	12700	6876	3130	32267
FLAVIO	42	148	479	1141	3292	8925	10185	4993	2726	31931
VICENTE	1173	3548	6006	8172	7676	3040	1317	534	250	31716
DOUGLAS		16	53	115	331	1520	9806	14572	4794	31207
