uf	41									
Nome	<1930	<1940	<1950	<1960	<1970	<1980	<1990	<2000	<2010	Total Geral
MARIA	12392	30834	62774	102664	95958	47592	17173	11388	51400	432175
JOSE	4828	14208	29618	49947	56877	34864	16816	10082	7975	225215
JOAO	3445	10023	18663	28371	30636	18653	14927	20971	49741	195430
ANA	2202	4220	6765	9964	12190	14443	25536	33389	45875	154584
ANTONIO	2974	8766	17706	27121	26570	16677	7199	3325	2399	112737
LUIZ	552	1861	4624	11704	16269	11131	10093	12741	14358	83333
PAULO	330	1215	2995	7800	15834	18503	15323	11478	6684	80162
LUCAS	16	59	77	154	242	523	4581	34765	31451	71868
PEDRO	1409	3926	7291	10701	10585	5697	4057	6844	19930	70440
CARLOS	215	903	2394	6733	13590	11356	11803	9470	11324	67788
MARCOS	31	95	360	1479	7865	18745	16331	11343	7753	64002
GABRIEL	95	237	335	386	397	419	1896	16045	39162	58972
LUIS	300	863	2349	6303	9958	7751	7176	9151	10508	54359
RAFAEL	48	115	261	307	421	1680	15780	19106	12640	50358
EDUARDO	145	504	796	1290	1829	3455	7064	11175	16987	43245
MARCELO		47	65	216	2587	13124	14663	7664	3198	41564
BRUNO	36	127	226	220	220	387	7606	19712	11936	40470
MATEUS	17	53	101	141	202	390	1035	12897	23991	38827
MARCIA		32	142	937	7777	16887	10307	2231	409	38722
GUSTAVO	23	68	62	121	185	919	3196	9760	23647	37981
RODRIGO			26	56	214	4139	17272	12205	3782	37694
GUILHERME	91	167	228	279	314	622	3965	13911	17624	37201
FELIPE	28	68	106	121	134	373	4226	14979	16282	36317
ANDRE	93	223	358	518	1099	4446	11945	10590	6579	35851
DANIEL	75	331	731	1613	3037	4698	7784	8790	8335	35394
FERNANDO	74	251	525	971	1732	4035	13436	9990	4029	35043
BRUNA					22	108	4428	19995	9347	33900
LEANDRO		32	43	74	207	3803	15698	9821	3400	33078
JULIANA	21	47	64	87	177	3574	14406	10032	4424	32832
LEONARDO	64	234	410	513	590	1135	3121	12508	14119	32694
FERNANDA			16	46	147	2085	10972	12145	7239	32650
SANDRA		19	169	1800	7592	13847	7330	1538	339	32634
ANDERSON				44	380	5502	14208	9646	2767	32547
PATRICIA				60	482	6440	13232	10222	1771	32207
ADRIANA			26	78	1165	13387	12695	4095	676	32122
AMANDA	19	28	24	23	43	290	2605	14036	14739	31807
ALINE	28	41	82	73	115	764	8895	16276	5400	31674
MARCIO		18	92	406	2460	12882	11316	2657	961	30792
TIAGO			23	35	60	311	11742	11616	6694	30481
TEREZINHA	230	2497	5399	8886	8521	3604	883	161	23	30204
EDSON	26	165	528	2500	7136	9365	6495	2817	1010	30042
FABIO		26	49	149	770	6039	14188	6293	2438	29952
JESSICA					25	95	2637	23216	3862	29835
CAMILA		28	34	32	47	361	6144	14432	8401	29479
ELIANE			101	1126	4244	10941	9869	2548	386	29215
FRANCISCO	1142	2854	4823	6917	6361	3214	2034	810	914	29069
SEBASTIAO	1060	3071	6080	7933	6533	2958	927	313	109	28984
SERGIO	36	184	900	3621	7842	8967	4526	1739	848	28663
APARECIDA	659	2049	4482	7905	8097	3938	1032	197	64	28423
LETICIA	31	80	73	88	127	581	2957	10658	12348	26943
VANESSA				31	209	1827	11593	9768	3365	26793
ROSELI		31	541	2440	8087	10959	3812	573	71	26514
DIEGO					29	208	8975	12395	4047	25654
VITOR	104	348	615	702	615	517	1363	4554	16178	24996
RICARDO	45	133	264	729	1796	5937	8670	4784	2218	24576
JULIA	560	1119	1433	1360	967	545	679	2649	15177	24489
VERA	37	140	1035	5952	9519	5668	1636	256	44	24287
ALEXANDRE	101	232	310	343	842	5388	7393	5517	3551	23677
MARLI		133	1043	3707	8782	7277	2163	304	49	23458
ROBERTO	65	286	1003	2941	6053	6453	4116	1799	733	23449
LUANA					28	148	2637	11393	8982	23188
TEREZA	567	2765	5465	6625	4653	1982	561	111	42	22771
SONIA		86	758	3935	8614	6594	2182	471	98	22738
MATHEUS		16	26	35	34	95	531	8419	13424	22580
SUELI	15	95	605	4105	8571	6319	2140	498	135	22483
SIMONE			16	85	1350	8204	9629	2724	424	22432
MARLENE		264	1592	5078	7921	5575	1606	307	38	22381
ROSANGELA			35	954	5552	9424	5121	1116	156	22358
ROSA	1085	2256	3674	5073	4797	3799	1043	233	111	22071
ADRIANO	21	51	68	83	449	5418	10101	4218	1254	21663
JORGE	247	791	1867	4581	5645	3243	2470	1716	1024	21584
GABRIELA	37	46	62	56	56	250	1444	7526	11787	21264
JAQUELINE				23	744	1953	5978	9374	2964	21036
JULIO	245	634	996	1534	2340	3427	5104	4011	2698	20989
CRISTIANE				43	787	6279	10048	3189	609	20955
NELSON	212	1136	3103	5059	5211	3505	1605	613	278	20722
SILVANA			46	266	3359	9005	6095	1545	241	20557
DAIANE					15	306	8221	10087	1927	20556
VINICIUS			22	40	94	422	2065	6946	10708	20297
ANDREIA				24	279	6928	9457	2924	497	20109
MARIANA	151	196	263	277	246	483	3481	6385	8598	20080
LARISSA					34	251	1899	8491	9099	19774
CLAUDIO	46	215	733	2371	4689	6809	2853	1313	640	19669
DANIELE					93	2203	7731	6764	2797	19588
LUCIANA		17	41	105	726	8027	7956	2113	597	19582
MARIO	328	1060	2319	4264	4584	3093	1957	946	497	19048
ANGELA	230	251	295	1377	3751	6097	4262	1893	728	18884
VALDIR	25	198	998	3079	6386	5304	2051	625	190	18856
DEBORA			31	104	723	2455	5366	6447	3060	18186
THIAGO					24	224	7460	6093	4374	18175
LUCIA	298	751	1619	4161	5992	3613	1332	282	113	18161
JEFERSON			22	74	520	2445	5910	7268	1865	18104
ANDRESSA					32	467	4469	9146	3979	18093
BEATRIZ	60	137	326	607	1090	1129	1468	4769	8425	18011
DOUGLAS		28	71	150	304	947	4093	8868	3416	17877
LUCIANO	27	84	136	234	804	6676	5522	2787	1195	17465
SOLANGE		30	101	851	3695	6346	4536	1166	177	16902
JOSIANE				40	822	3511	8203	3573	597	16746
MIGUEL	351	1101	2002	2863	3041	1881	989	695	3760	16683
CLAUDIA	16	44	96	300	2324	6609	4801	1948	434	16572
