uf	33									
Nome	<1930	<1940	<1950	<1960	<1970	<1980	<1990	<2000	<2010	Total Geral
MARIA	32516	69834	127007	189005	144216	65183	28041	17720	78499	752021
JOSE	8376	23819	47995	77397	73522	41035	22990	11733	7409	314276
ANA	1845	3198	9619	21384	38108	54488	44396	41739	82302	297079
JOAO	3604	9223	16892	25265	25875	15503	16199	27044	69336	208941
CARLOS	796	2881	11269	28996	39438	36160	31960	20804	18710	191014
PAULO	885	3106	12566	32936	35381	26386	20970	15694	10873	158797
ANTONIO	4216	11044	22058	34106	32036	20829	11823	5122	3720	144954
LUIZ	973	3124	9174	21790	25646	19117	16699	15786	15947	128256
JORGE	1069	4564	13044	32301	28765	15982	10380	6007	3349	115461
MARCOS	78	303	1328	6605	22525	27816	20108	19168	14594	112525
PEDRO	1073	2809	5343	8134	8353	6210	10249	18862	40703	101736
LUCAS	26	65	143	222	428	778	4463	48455	45410	99990
GABRIEL	81	239	398	581	700	1278	6853	32879	52945	95954
LUIS	471	1532	4696	13242	17820	14311	12097	12458	13405	90032
MARCELO	32	103	447	1669	14802	39738	18435	8499	5269	88994
RAFAEL	72	180	286	572	895	4762	35770	27447	15739	85723
MARCIA	34	141	905	5984	27055	26299	8508	2157	871	71954
LEONARDO	36	119	204	551	1629	10499	26622	21658	10375	71693
BRUNO	27	61	101	250	706	4916	31767	22295	10323	70446
RODRIGO	29	77	126	275	876	10738	32497	18368	7450	70436
FRANCISCO	1848	4779	8926	15019	16087	10493	7522	2782	1612	69068
DANIEL	143	536	1147	2159	3817	6520	16030	17832	20145	68329
FELIPE	46	91	139	304	668	3155	20122	27602	16016	68143
ANDRE	57	166	359	1204	5961	25097	17718	10074	6420	67056
JULIANA	36	76	113	200	463	4537	23069	23479	10742	62715
ALEXANDRE	101	226	446	1615	7637	28432	12536	6437	3965	61395
FABIO	39	136	253	817	3797	20150	22784	6869	3976	58821
ADRIANA	28	41	110	299	5481	33128	14042	3223	868	57220
SERGIO	124	886	4291	11482	17831	11130	5785	3165	1586	56280
EDUARDO	247	620	1404	3555	6425	12128	13104	9000	9467	55950
FERNANDA	96	233	291	599	1640	9106	22903	13540	7329	55737
PATRICIA		33	83	516	3529	24292	18378	6838	1673	55342
ROBERTO	302	1528	4761	9599	15302	10791	7201	3208	1465	54157
LEANDRO	22	68	114	294	862	10154	28524	9940	4087	54065
MARCIO	32	146	578	1948	8575	24211	11590	4263	2383	53726
CLAUDIA	36	95	364	2373	18907	22628	6378	1868	666	53315
SANDRA	21	111	1458	12977	18629	13157	4340	825	426	51944
SONIA	126	869	6919	18323	16683	5923	1389	334	192	50758
FERNANDO	447	1472	2748	6661	8805	8417	11339	6715	3710	50314
LUCIANA	40	61	149	479	2842	25250	16308	3770	1349	50248
ANDERSON		17	63	269	1410	15350	18838	9650	3972	49569
ALINE	55	88	107	204	645	6795	26156	11969	3489	49508
RICARDO	60	274	1059	4945	11131	13039	10136	5441	2958	49043
VERA	361	1049	9134	18958	12695	4923	1411	348	150	49029
JULIA	741	1093	1182	1300	1158	1165	2898	8955	29690	48182
THIAGO	18	24	41	71	194	1041	23171	13424	9102	47086
MARIANA	283	420	498	619	747	2073	10933	16309	14305	46187
MATHEUS		22	43	69	115	289	1349	22087	21748	45722
RENATA		24	75	334	1327	15369	19532	6616	2187	45464
MATEUS		30	68	114	189	440	1443	20517	22282	45083
CLAUDIO	127	407	1296	4305	12709	15226	5324	2910	1516	43820
JESSICA			18	47	146	544	6010	30742	5863	43370
CARLA		39	75	498	4320	13516	14889	6650	2990	42977
GUILHERME	105	246	466	804	1331	2174	5665	11282	20653	42726
VANESSA			32	110	370	3944	24272	10328	2737	41793
VITOR	37	135	346	602	896	1929	7603	13380	16442	41370
SEBASTIAO	1634	4689	8628	11462	9085	3762	1502	439	146	41347
GUSTAVO	39	104	208	464	1131	4067	6927	9754	18036	40730
LETICIA	77	156	232	319	629	1541	5424	14125	18172	40675
CAMILA	30	46	46	89	191	1422	12682	17873	8208	40587
AMANDA	17	45	45	90	246	2142	10694	16912	10181	40372
TIAGO	20	37	61	105	220	1000	19571	11510	7504	40028
BRUNA			18	43	173	855	10862	17166	10530	39647
BEATRIZ	321	496	636	973	1423	2297	4198	13297	15852	39493
JULIO	276	743	1238	3491	6164	7850	8786	5687	4506	38741
SIMONE	20	55	145	376	4537	23614	8329	1309	289	38674
RENATO	174	533	1172	2970	5485	10437	10321	4926	2216	38234
CRISTIANE		15	17	142	2245	19339	13281	2496	617	38152
REGINA	560	1108	4601	12773	11371	5070	1732	486	213	37914
DIEGO			15	43	150	749	17474	14290	5111	37832
LUCIA	481	1149	4217	11070	12043	5869	2019	611	309	37768
ROSANGELA		23	188	7966	15931	9023	2948	597	114	36790
LARISSA			16	15	88	366	2035	17665	15854	36039
ELIANE		101	804	5512	12055	10717	5264	1068	269	35790
DANIELE			18	38	230	6497	19077	7038	2477	35375
EDSON	178	1056	2631	5855	8034	7888	5577	2676	1119	35014
GABRIELA	47	80	68	86	247	1917	6100	12890	13488	34923
VITORIA	98	158	323	395	386	332	544	6692	25659	34587
MANOEL	2219	5197	7275	8107	6134	2870	1561	641	447	34451
RAQUEL	79	172	367	954	2130	6148	11527	8156	4863	34396
MONICA		45	183	990	10357	13797	6186	1899	649	34106
RITA	712	1517	2264	7629	11264	5723	2329	832	430	32700
NATALIA	71	124	170	239	392	841	9324	15047	6061	32269
PRISCILA		16	48	82	238	2143	18696	9100	1652	31975
ALEX	16	32	77	195	1428	10881	10120	6183	2933	31865
ALESSANDRA		18	26	66	399	13254	11195	4492	2123	31573
ROGERIO	36	154	501	2152	7792	12146	5542	2000	792	31115
LUCIANO	56	135	342	785	2436	13958	8523	3158	1696	31089
MARLENE	31	3591	7779	9650	6378	2591	719	182	76	30997
MARCO	20	98	762	3007	9665	8985	3936	2575	1901	30949
ANGELA	137	252	1741	11649	8023	5309	2424	828	445	30808
VINICIUS		30	53	142	408	1815	8266	11832	7827	30373
CAIO		24	43	78	182	422	2135	8797	18542	30223
LUANA			26	68	164	760	10324	11846	6827	30015
DEBORA	41	115	196	526	1828	4985	9355	8050	4237	29333
FLAVIO	75	246	662	1508	3813	10157	7604	3152	2001	29218
DOUGLAS		38	83	193	469	1744	7285	14867	4530	29209
IGOR			27	58	155	651	5433	14619	8264	29207
FLAVIA	23	37	98	257	1150	10921	10367	4161	2087	29101
JAQUELINE			30	133	2513	8674	11347	4921	1221	28839
